time	V(drain)	V(drain)/Id(M1)
Step Information: Vdd=500m  (Run: 1/14)
0.000000000000000e+000	5.000000e-001	4.452144e+005
9.765624960978488e-016	5.000000e-001	4.452667e+005
1.953124992195698e-015	5.000000e-001	4.452841e+005
9.827253124949010e-008	3.937019e-001	3.779157e+005
9.993268749949014e-008	3.919734e-001	3.767287e+005
1.000000000000000e-007	3.919034e-001	3.766805e+005
Step Information: Vdd=600m  (Run: 2/14)
0.000000000000000e+000	6.000000e-001	1.029212e+005
9.765624960978488e-016	6.000000e-001	1.029332e+005
1.953124992195698e-015	6.000000e-001	1.029372e+005
2.698346874948847e-008	4.479908e-001	8.233582e+004
5.032331249948894e-008	3.248400e-001	6.356317e+004
6.926862499948940e-008	2.307176e-001	4.789061e+004
8.254987499948972e-008	1.684049e-001	3.701731e+004
9.016706249948991e-008	1.345717e-001	3.116294e+004
9.573346874949004e-008	1.111893e-001	2.733449e+004
9.817487499949010e-008	1.014271e-001	2.583521e+004
9.993268749949014e-008	9.462598e-002	2.483482e+004
1.000000000000000e-007	9.436955e-002	2.479780e+004
Step Information: Vdd=700m  (Run: 3/14)
0.000000000000000e+000	7.000000e-001	4.585996e+004
9.765624960978488e-016	7.000000e-001	4.586534e+004
1.953124992195698e-015	7.000000e-001	4.586713e+004
1.340924999948857e-008	5.012426e-001	3.485876e+004
2.424909374948850e-008	3.495010e-001	2.571026e+004
3.137799999948848e-008	2.548864e-001	1.975102e+004
3.538190624948858e-008	2.043205e-001	1.659707e+004
3.821393749948865e-008	1.703020e-001	1.458970e+004
4.055768749948871e-008	1.437726e-001	1.315479e+004
4.290143749948876e-008	1.192427e-001	1.196207e+004
4.504987499948882e-008	9.891929e-002	1.107622e+004
4.690534374948886e-008	8.323987e-002	1.045301e+004
4.856549999948890e-008	7.075199e-002	9.991371e+003
5.012799999948894e-008	6.032786e-002	9.627897e+003
5.159284374948897e-008	5.169021e-002	9.340832e+003
5.305768749948901e-008	4.409364e-002	9.098348e+003
5.442487499948904e-008	3.787903e-002	8.906592e+003
5.579206249948908e-008	3.244130e-002	8.743484e+003
5.715924999948911e-008	2.770959e-002	8.604981e+003
5.842878124948914e-008	2.388547e-002	8.495302e+003
5.969831249948917e-008	2.055236e-002	8.401311e+003
6.096784374948920e-008	1.765671e-002	8.320841e+003
6.223737499948923e-008	1.514834e-002	8.252008e+003
6.350690624948926e-008	1.298090e-002	8.193173e+003
6.477643749948929e-008	1.111213e-002	8.142918e+003
6.614362499948932e-008	9.390024e-003	8.096989e+003
6.751081249948936e-008	7.927820e-003	8.058275e+003
6.887799999948939e-008	6.688299e-003	8.025660e+003
7.024518749948942e-008	5.638991e-003	7.998194e+003
7.171003124948946e-008	4.693905e-003	7.973567e+003
7.317487499948949e-008	3.905191e-003	7.953098e+003
7.473737499948953e-008	3.207878e-003	7.935061e+003
7.629987499948957e-008	2.634007e-003	7.920259e+003
7.796003124948961e-008	2.135539e-003	7.907435e+003
7.971784374948965e-008	1.709598e-003	7.896499e+003
8.167096874948970e-008	1.334768e-003	7.886892e+003
8.381940624948975e-008	1.016333e-003	7.878743e+003
8.616315624948981e-008	7.547163e-004	7.872057e+003
8.879987499948987e-008	5.398373e-004	7.866572e+003
9.192487499948995e-008	3.628141e-004	7.862056e+003
9.573346874949004e-008	2.234838e-004	7.858506e+003
9.817487499949010e-008	1.637978e-004	7.856985e+003
9.993268749949014e-008	1.309584e-004	7.856149e+003
1.000000000000000e-007	1.298376e-004	7.856120e+003
Step Information: Vdd=800m  (Run: 4/14)
0.000000000000000e+000	8.000000e-001	2.907256e+004
9.765624960978488e-016	8.000000e-001	2.907596e+004
1.953124992195698e-015	8.000000e-001	2.907710e+004
9.210031249488543e-009	5.532221e-001	2.123438e+004
1.604596874948857e-008	3.794089e-001	1.534528e+004
1.956159374948854e-008	2.941700e-001	1.241886e+004
2.171003124948852e-008	2.442802e-001	1.076903e+004
2.337018749948850e-008	2.075257e-001	9.640577e+003
2.493268749948849e-008	1.750074e-001	8.737721e+003
2.649518749948847e-008	1.451369e-001	7.997074e+003
2.786237499948846e-008	1.215866e-001	7.470476e+003
2.903424999948845e-008	1.035013e-001	7.097401e+003
3.010846874948845e-008	8.867625e-002	6.810154e+003
3.118268749948848e-008	7.551250e-002	6.568085e+003
3.215924999948850e-008	6.493640e-002	6.381893e+003
3.313581249948853e-008	5.561220e-002	6.223531e+003
3.401471874948855e-008	4.821846e-002	6.101639e+003
3.489362499948857e-008	4.169625e-002	5.996716e+003
3.577253124948859e-008	3.597065e-002	5.906551e+003
3.665143749948861e-008	3.096602e-002	5.829187e+003
3.753034374948863e-008	2.660835e-002	5.762895e+003
3.840924999948865e-008	2.282681e-002	5.706158e+003
3.928815624948868e-008	1.955496e-002	5.657651e+003
4.016706249948870e-008	1.673146e-002	5.616218e+003
4.104596874948872e-008	1.430037e-002	5.580856e+003
4.192487499948874e-008	1.221125e-002	5.550696e+003
4.280378124948876e-008	1.041904e-002	5.524989e+003
4.368268749948878e-008	8.883787e-003	5.503089e+003
4.456159374948880e-008	7.570311e-003	5.484441e+003
4.544049999948883e-008	6.447788e-003	5.468568e+003
4.631940624948885e-008	5.489347e-003	5.455061e+003
4.719831249948887e-008	4.671654e-003	5.443571e+003
4.807721874948889e-008	3.974513e-003	5.433800e+003
4.905378124948891e-008	3.320189e-003	5.424649e+003
5.003034374948894e-008	2.772815e-003	5.417010e+003
5.100690624948896e-008	2.315144e-003	5.410632e+003
5.208112499948899e-008	1.898033e-003	5.404828e+003
5.315534374948901e-008	1.555770e-003	5.400071e+003
5.432721874948904e-008	1.252155e-003	5.395856e+003
5.559674999948907e-008	9.895529e-004	5.392214e+003
5.696393749948911e-008	7.678717e-004	5.389142e+003
5.852643749948914e-008	5.745599e-004	5.386465e+003
6.028424999948918e-008	4.145468e-004	5.384250e+003
6.233503124948923e-008	2.832194e-004	5.382433e+003
6.477643749948929e-008	1.799280e-004	5.381004e+003
6.790143749948936e-008	1.006581e-004	5.379908e+003
7.219831249948947e-008	4.528401e-005	5.379143e+003
7.932721874948964e-008	1.203191e-005	5.378683e+003
9.817487499949010e-008	3.617682e-007	5.378522e+003
9.993268749949014e-008	2.609029e-007	5.378521e+003
1.000000000000000e-007	2.576433e-007	5.378516e+003
Step Information: Vdd=900m  (Run: 5/14)
0.000000000000000e+000	9.000000e-001	2.173561e+004
9.765624960978488e-016	9.000000e-001	2.173816e+004
1.953124992195698e-015	8.999999e-001	2.173901e+004
7.159249999488530e-009	6.107401e-001	1.551673e+004
1.204206249948856e-008	4.226876e-001	1.126020e+004
1.438581249948858e-008	3.362316e-001	9.308171e+003
1.594831249948857e-008	2.809012e-001	8.122488e+003
1.712018749948856e-008	2.413312e-001	7.345983e+003
1.829206249948855e-008	2.041454e-001	6.690776e+003
1.946393749948854e-008	1.700342e-001	6.154363e+003
2.053815624948853e-008	1.419280e-001	5.754392e+003
2.141706249948852e-008	1.213596e-001	5.483115e+003
2.229596874948851e-008	1.030211e-001	5.255083e+003
2.307721874948851e-008	8.856389e-002	5.083820e+003
2.385846874948850e-008	7.577303e-002	4.938152e+003
2.454206249948849e-008	6.587232e-002	4.828980e+003
2.522565624948849e-008	5.709522e-002	4.734698e+003
2.590924999948848e-008	4.935570e-002	4.653442e+003
2.659284374948847e-008	4.256390e-002	4.583542e+003
2.727643749948847e-008	3.662940e-002	4.523512e+003
2.796003124948846e-008	3.146381e-002	4.472035e+003
2.864362499948845e-008	2.698269e-002	4.427953e+003
2.932721874948845e-008	2.310689e-002	4.390246e+003
3.001081249948845e-008	1.976334e-002	4.358028e+003
3.069440624948847e-008	1.688549e-002	4.330523e+003
3.137799999948848e-008	1.441333e-002	4.307061e+003
3.206159374948850e-008	1.229328e-002	4.287061e+003
3.274518749948852e-008	1.047787e-002	4.270023e+003
3.342878124948853e-008	8.925281e-003	4.255516e+003
3.411237499948855e-008	7.598906e-003	4.243168e+003
3.479596874948857e-008	6.466842e-003	4.232663e+003
3.547956249948858e-008	5.501393e-003	4.223728e+003
3.616315624948860e-008	4.678599e-003	4.216131e+003
3.684674999948862e-008	3.977790e-003	4.209673e+003
3.753034374948863e-008	3.381178e-003	4.204185e+003
3.821393749948865e-008	2.873486e-003	4.199521e+003
3.889753124948867e-008	2.441618e-003	4.195559e+003
3.967878124948869e-008	2.026594e-003	4.191755e+003
4.046003124948870e-008	1.681856e-003	4.188598e+003
4.124128124948872e-008	1.395582e-003	4.185979e+003
4.212018749948874e-008	1.131195e-003	4.183562e+003
4.299909374948877e-008	9.167952e-004	4.181603e+003
4.397565624948879e-008	7.258077e-004	4.179859e+003
4.504987499948882e-008	5.612837e-004	4.178357e+003
4.622174999948884e-008	4.239886e-004	4.177104e+003
4.758893749948888e-008	3.056199e-004	4.176025e+003
4.915143749948892e-008	2.102136e-004	4.175155e+003
5.110456249948896e-008	1.316652e-004	4.174439e+003
5.354596874948902e-008	7.335776e-005	4.173907e+003
5.696393749948911e-008	3.234243e-005	4.173533e+003
6.282331249948924e-008	7.943339e-006	4.173311e+003
8.694440624948983e-008	2.452999e-008	4.173239e+003
9.817487499949010e-008	1.663138e-009	4.173239e+003
9.993268749949014e-008	1.091370e-009	4.173239e+003
1.000000000000000e-007	1.073806e-009	4.172393e+003
Step Information: Vdd=1  (Run: 6/14)
0.000000000000000e+000	1.000000e+000	1.771838e+004
9.765624960978488e-016	9.999999e-001	1.772046e+004
1.953124992195698e-015	9.999999e-001	1.772115e+004
6.085031249488532e-009	6.645051e-001	1.236007e+004
9.795968749488547e-009	4.688038e-001	9.095908e+003
1.165143749948856e-008	3.747586e-001	7.545847e+003
1.282331249948857e-008	3.176272e-001	6.660159e+003
1.379987499948858e-008	2.721971e-001	6.021569e+003
1.477643749948858e-008	2.296338e-001	5.490380e+003
1.575299999948858e-008	1.907510e-001	5.058721e+003
1.653424999948857e-008	1.626980e-001	4.774777e+003
1.731549999948856e-008	1.375431e-001	4.537314e+003
1.799909374948856e-008	1.179446e-001	4.362464e+003
1.868268749948855e-008	1.005558e-001	4.214199e+003
1.926862499948854e-008	8.733956e-002	4.105565e+003
1.985456249948854e-008	7.559475e-002	4.011818e+003
2.044049999948853e-008	6.522244e-002	3.931119e+003
2.102643749948853e-008	5.611395e-002	3.861814e+003
2.161237499948852e-008	4.815591e-002	3.802420e+003
2.210065624948852e-008	4.232087e-002	3.759540e+003
2.258893749948851e-008	3.714127e-002	3.721940e+003
2.307721874948851e-008	3.255518e-002	3.689006e+003
2.356549999948850e-008	2.850381e-002	3.660188e+003
2.405378124948850e-008	2.493211e-002	3.634992e+003
2.454206249948849e-008	2.178898e-002	3.612982e+003
2.503034374948849e-008	1.902744e-002	3.593767e+003
2.551862499948848e-008	1.660462e-002	3.577004e+003
2.600690624948848e-008	1.448164e-002	3.562388e+003
2.649518749948847e-008	1.262346e-002	3.549649e+003
2.698346874948847e-008	1.099863e-002	3.538552e+003
2.747174999948846e-008	9.579069e-003	3.528888e+003
2.796003124948846e-008	8.339775e-003	3.520475e+003
2.844831249948846e-008	7.258568e-003	3.513154e+003
2.893659374948845e-008	6.315825e-003	3.506785e+003
2.942487499948845e-008	5.494228e-003	3.501244e+003
2.991315624948845e-008	4.778524e-003	3.496425e+003
3.040143749948846e-008	4.155304e-003	3.492235e+003
3.088971874948847e-008	3.612800e-003	3.488592e+003
3.147565624948849e-008	3.053906e-003	3.484844e+003
3.206159374948850e-008	2.581042e-003	3.481676e+003
3.264753124948851e-008	2.181088e-003	3.478999e+003
3.323346874948853e-008	1.842891e-003	3.476737e+003
3.381940624948854e-008	1.556977e-003	3.474826e+003
3.450299999948856e-008	1.278837e-003	3.472968e+003
3.518659374948858e-008	1.050284e-003	3.471442e+003
3.587018749948859e-008	8.625105e-004	3.470189e+003
3.665143749948861e-008	6.886008e-004	3.469029e+003
3.753034374948863e-008	5.344552e-004	3.468001e+003
3.850690624948866e-008	4.032674e-004	3.467126e+003
3.958112499948868e-008	2.958096e-004	3.466410e+003
4.075299999948871e-008	2.109453e-004	3.465845e+003
4.221784374948875e-008	1.382257e-004	3.465360e+003
4.397565624948879e-008	8.322708e-005	3.464994e+003
4.631940624948885e-008	4.231283e-005	3.464722e+003
4.993268749948893e-008	1.491118e-005	3.464539e+003
5.764753124948912e-008	1.608212e-006	3.464450e+003
9.817487499949010e-008	1.335334e-011	3.464447e+003
9.993268749949014e-008	8.038830e-012	3.464441e+003
1.000000000000000e-007	7.883057e-012	3.566780e+003
Step Information: Vdd=1.1  (Run: 7/14)
0.000000000000000e+000	1.100000e+000	1.521732e+004
9.765624960978488e-016	1.100000e+000	1.521911e+004
1.953124992195698e-015	1.100000e+000	1.521970e+004
5.401437499488532e-009	7.182373e-001	1.041344e+004
8.428781249488537e-009	5.130621e-001	7.731013e+003
9.893624999488548e-009	4.172907e-001	6.499237e+003
1.087018749948856e-008	3.556734e-001	5.755403e+003
1.165143749948856e-008	3.084712e-001	5.239941e+003
1.243268749948857e-008	2.639662e-001	4.808133e+003
1.331159374948857e-008	2.180618e-001	4.413160e+003
1.399518749948858e-008	1.858903e-001	4.161773e+003
1.467878124948858e-008	1.570360e-001	3.951491e+003
1.526471874948858e-008	1.349880e-001	3.799477e+003
1.585065624948858e-008	1.153773e-001	3.670059e+003
1.633893749948857e-008	1.008275e-001	3.577344e+003
1.682721874948857e-008	8.782240e-002	3.496736e+003
1.731549999948856e-008	7.626577e-002	3.426827e+003
1.780378124948856e-008	6.605101e-002	3.366335e+003
1.829206249948855e-008	5.706595e-002	3.314103e+003
1.878034374948855e-008	4.919693e-002	3.269091e+003
1.926862499948854e-008	4.233212e-002	3.230369e+003
1.975690624948854e-008	3.636404e-002	3.197110e+003
2.024518749948853e-008	3.119140e-002	3.168583e+003
2.073346874948853e-008	2.672017e-002	3.144145e+003
2.122174999948852e-008	2.286431e-002	3.123232e+003
2.171003124948852e-008	1.954593e-002	3.105353e+003
2.219831249948852e-008	1.669516e-002	3.090081e+003
2.258893749948851e-008	1.470923e-002	3.079489e+003
2.297956249948851e-008	1.295422e-002	3.070161e+003
2.337018749948850e-008	1.140446e-002	3.061949e+003
2.376081249948850e-008	1.003688e-002	3.054721e+003
2.415143749948850e-008	8.830789e-003	3.048362e+003
2.454206249948849e-008	7.767677e-003	3.042768e+003
2.493268749948849e-008	6.831036e-003	3.037848e+003
2.532331249948849e-008	6.006163e-003	3.033523e+003
2.581159374948848e-008	5.112474e-003	3.028844e+003
2.629987499948848e-008	4.350760e-003	3.024862e+003
2.678815624948847e-008	3.701808e-003	3.021474e+003
2.727643749948847e-008	3.149125e-003	3.018592e+003
2.776471874948846e-008	2.678576e-003	3.016140e+003
2.825299999948846e-008	2.278061e-003	3.014055e+003
2.874128124948845e-008	1.937232e-003	3.012281e+003
2.922956249948845e-008	1.647250e-003	3.010774e+003
2.971784374948844e-008	1.400571e-003	3.009491e+003
3.030378124948846e-008	1.152719e-003	3.008204e+003
3.088971874948847e-008	9.486562e-004	3.007144e+003
3.147565624948849e-008	7.806694e-004	3.006272e+003
3.215924999948850e-008	6.218571e-004	3.005448e+003
3.284284374948852e-008	4.953245e-004	3.004792e+003
3.362409374948854e-008	3.819013e-004	3.004203e+003
3.450299999948856e-008	2.850179e-004	3.003701e+003
3.547956249948858e-008	2.058979e-004	3.003290e+003
3.665143749948861e-008	1.393690e-004	3.002946e+003
3.811628124948865e-008	8.556319e-005	3.002666e+003
3.997174999948869e-008	4.611956e-005	3.002462e+003
4.260846874948876e-008	1.916241e-005	3.002322e+003
4.749128124948888e-008	3.767588e-006	3.002243e+003
9.817487499949010e-008	1.752388e-013	3.002123e+003
9.993268749949014e-008	9.756286e-014	3.001262e+003
1.000000000000000e-007	9.538160e-014	2.967113e+003
Step Information: Vdd=1.2  (Run: 8/14)
0.000000000000000e+000	1.200000e+000	1.353191e+004
9.765624960978488e-016	1.200000e+000	1.353350e+004
1.953124992195698e-015	1.200000e+000	1.353403e+004
4.913156249488533e-009	7.736521e-001	9.128837e+003
7.549874999488531e-009	5.538566e-001	6.778489e+003
8.819406249488540e-009	4.516171e-001	5.708182e+003
9.600656249488546e-009	3.907773e-001	5.112742e+003
1.028424999948855e-008	3.396748e-001	4.661624e+003
1.096784374948856e-008	2.914574e-001	4.285883e+003
1.174909374948856e-008	2.409239e-001	3.937713e+003
1.233503124948857e-008	2.067183e-001	3.723329e+003
1.292096874948857e-008	1.759014e-001	3.542504e+003
1.340924999948857e-008	1.528510e-001	3.414061e+003
1.389753124948858e-008	1.321596e-001	3.303323e+003
1.438581249948858e-008	1.137457e-001	3.208172e+003
1.487409374948859e-008	9.748932e-002	3.126688e+003
1.536237499948858e-008	8.324271e-002	3.057131e+003
1.575299999948858e-008	7.318138e-002	3.009013e+003
1.614362499948857e-008	6.421112e-002	2.966795e+003
1.653424999948857e-008	5.624161e-002	2.929812e+003
1.692487499948857e-008	4.918371e-002	2.897464e+003
1.731549999948856e-008	4.295102e-002	2.869209e+003
1.770612499948856e-008	3.746117e-002	2.844559e+003
1.809674999948855e-008	3.263669e-002	2.823077e+003
1.848737499948855e-008	2.840560e-002	2.804375e+003
1.887799999948855e-008	2.470160e-002	2.788107e+003
1.926862499948854e-008	2.146421e-002	2.773967e+003
1.965924999948854e-008	1.863862e-002	2.761686e+003
2.004987499948854e-008	1.617550e-002	2.751026e+003
2.044049999948853e-008	1.403069e-002	2.741777e+003
2.083112499948853e-008	1.216482e-002	2.733757e+003
2.122174999948852e-008	1.054296e-002	2.726805e+003
2.161237499948852e-008	9.134218e-003	2.720781e+003
2.200299999948852e-008	7.911369e-003	2.715563e+003
2.239362499948851e-008	6.850465e-003	2.711044e+003
2.278424999948851e-008	5.930499e-003	2.707131e+003
2.317487499948851e-008	5.133080e-003	2.703744e+003
2.356549999948850e-008	4.442134e-003	2.700813e+003
2.395612499948850e-008	3.843631e-003	2.698277e+003
2.434674999948849e-008	3.325345e-003	2.696083e+003
2.473737499948849e-008	2.876630e-003	2.694184e+003
2.512799999948849e-008	2.488227e-003	2.692542e+003
2.551862499948848e-008	2.152089e-003	2.691122e+003
2.590924999948848e-008	1.861227e-003	2.689893e+003
2.639753124948847e-008	1.552158e-003	2.688588e+003
2.688581249948847e-008	1.294308e-003	2.687500e+003
2.737409374948847e-008	1.079220e-003	2.686593e+003
2.786237499948846e-008	8.998250e-004	2.685837e+003
2.835065624948846e-008	7.502149e-004	2.685206e+003
2.893659374948845e-008	6.031103e-004	2.684586e+003
2.952253124948844e-008	4.848285e-004	2.684087e+003
3.020612499948845e-008	3.758013e-004	2.683628e+003
3.098737499948847e-008	2.808691e-004	2.683228e+003
3.186628124948850e-008	2.024060e-004	2.682898e+003
3.284284374948852e-008	1.406425e-004	2.682637e+003
3.401471874948855e-008	9.085982e-005	2.682428e+003
3.547956249948858e-008	5.262288e-005	2.682267e+003
3.753034374948863e-008	2.449520e-005	2.682148e+003
4.085065624948871e-008	7.102097e-006	2.682075e+003
5.051862499948895e-008	1.930710e-007	2.682046e+003
9.817487499949010e-008	3.687514e-015	2.666214e+003
9.993268749949014e-008	1.907863e-015	2.652179e+003
1.000000000000000e-007	1.860153e-015	2.650970e+003
Step Information: Vdd=1.3  (Run: 9/14)
0.000000000000000e+000	1.300000e+000	1.233398e+004
9.765624960978488e-016	1.300000e+000	1.233542e+004
1.953124992195698e-015	1.300000e+000	1.233590e+004
4.522531249488533e-009	8.331493e-001	8.256604e+003
6.866281249488531e-009	6.002667e-001	6.155125e+003
8.038156249488534e-009	4.875974e-001	5.161825e+003
8.721749999488539e-009	4.239973e-001	4.639889e+003
9.307687499488544e-009	3.715604e-001	4.252792e+003
9.893624999488548e-009	3.218995e-001	3.929371e+003
1.057721874948855e-008	2.684911e-001	3.621737e+003
1.116315624948856e-008	2.272074e-001	3.406099e+003
1.165143749948856e-008	1.962001e-001	3.254542e+003
1.213971874948857e-008	1.683348e-001	3.125044e+003
1.262799999948857e-008	1.435673e-001	3.014807e+003
1.301862499948857e-008	1.259057e-001	2.938809e+003
1.340924999948857e-008	1.100626e-001	2.872390e+003
1.379987499948858e-008	9.593093e-002	2.814490e+003
1.419049999948858e-008	8.339132e-002	2.764137e+003
1.458112499948858e-008	7.231710e-002	2.720444e+003
1.497174999948858e-008	6.257899e-002	2.682609e+003
1.536237499948858e-008	5.404884e-002	2.649908e+003
1.575299999948858e-008	4.660253e-002	2.621692e+003
1.614362499948857e-008	4.012228e-002	2.597382e+003
1.653424999948857e-008	3.449801e-002	2.576465e+003
1.692487499948857e-008	2.962827e-002	2.558490e+003
1.731549999948856e-008	2.542063e-002	2.543060e+003
1.770612499948856e-008	2.179169e-002	2.529825e+003
1.799909374948856e-008	1.940455e-002	2.521156e+003
1.829206249948855e-008	1.727238e-002	2.513438e+003
1.858503124948855e-008	1.536929e-002	2.506569e+003
1.887799999948855e-008	1.367175e-002	2.500457e+003
1.917096874948854e-008	1.215842e-002	2.495021e+003
1.946393749948854e-008	1.080999e-002	2.490186e+003
1.975690624948854e-008	9.609030e-003	2.485888e+003
2.004987499948854e-008	8.539852e-003	2.482068e+003
2.034284374948853e-008	7.588338e-003	2.478673e+003
2.063581249948853e-008	6.741812e-003	2.475657e+003
2.092878124948853e-008	5.988906e-003	2.472977e+003
2.122174999948852e-008	5.319437e-003	2.470596e+003
2.151471874948852e-008	4.724296e-003	2.468482e+003
2.190534374948852e-008	4.032443e-003	2.466026e+003
2.229596874948851e-008	3.441407e-003	2.463930e+003
2.268659374948851e-008	2.936632e-003	2.462141e+003
2.307721874948851e-008	2.505629e-003	2.460614e+003
2.346784374948850e-008	2.137688e-003	2.459312e+003
2.385846874948850e-008	1.823636e-003	2.458201e+003
2.424909374948850e-008	1.555619e-003	2.457253e+003
2.463971874948849e-008	1.326917e-003	2.456445e+003
2.503034374948849e-008	1.131782e-003	2.455755e+003
2.551862499948848e-008	9.276563e-004	2.455034e+003
2.600690624948848e-008	7.603057e-004	2.454443e+003
2.649518749948847e-008	6.231184e-004	2.453958e+003
2.698346874948847e-008	5.106665e-004	2.453561e+003
2.756940624948846e-008	4.021619e-004	2.453178e+003
2.815534374948846e-008	3.167015e-004	2.452877e+003
2.883893749948845e-008	2.396588e-004	2.452605e+003
2.962018749948844e-008	1.742724e-004	2.452374e+003
3.049909374948846e-008	1.217741e-004	2.452189e+003
3.157331249948849e-008	7.857315e-005	2.452036e+003
3.294049999948852e-008	4.498682e-005	2.451918e+003
3.489362499948857e-008	2.028086e-005	2.451831e+003
3.811628124948865e-008	5.447187e-006	2.451779e+003
4.924909374948892e-008	5.806233e-008	2.451759e+003
9.817487499949010e-008	1.170348e-016	1.259314e+003
9.993268749949014e-008	5.610486e-017	1.000000e+308
1.000000000000000e-007	5.448298e-017	1.000000e+308
Step Information: Vdd=1.4  (Run: 10/14)
0.000000000000000e+000	1.400000e+000	1.144920e+004
9.765624960978488e-016	1.400000e+000	1.145054e+004
1.953124992195698e-015	1.400000e+000	1.145099e+004
4.327218749488533e-009	8.816630e-001	7.528707e+003
6.475656249488531e-009	6.338090e-001	5.596050e+003
7.452218749488530e-009	5.246199e-001	4.766904e+003
8.135812499488535e-009	4.506219e-001	4.246959e+003
8.624093749488539e-009	3.998159e-001	3.928784e+003
9.210031249488543e-009	3.421625e-001	3.612099e+003
9.795968749488547e-009	2.891077e-001	3.354835e+003
1.028424999948855e-008	2.489199e-001	3.176444e+003
1.077253124948855e-008	2.126245e-001	3.025280e+003
1.126081249948856e-008	1.802813e-001	2.897533e+003
1.165143749948856e-008	1.572091e-001	2.810053e+003
1.204206249948856e-008	1.365381e-001	2.734085e+003
1.243268749948857e-008	1.181477e-001	2.668315e+003
1.282331249948857e-008	1.018922e-001	2.611544e+003
1.321393749948857e-008	8.760832e-002	2.562677e+003
1.350690624948858e-008	7.808603e-002	2.530613e+003
1.379987499948858e-008	6.950238e-002	2.502054e+003
1.409284374948858e-008	6.178431e-002	2.476648e+003
1.438581249948858e-008	5.486046e-002	2.454073e+003
1.467878124948858e-008	4.866211e-002	2.434036e+003
1.497174999948858e-008	4.312377e-002	2.416267e+003
1.526471874948858e-008	3.818367e-002	2.400524e+003
1.555768749948858e-008	3.378400e-002	2.386586e+003
1.585065624948858e-008	2.987111e-002	2.374257e+003
1.614362499948857e-008	2.639549e-002	2.363357e+003
1.643659374948857e-008	2.331172e-002	2.353726e+003
1.672956249948857e-008	2.057836e-002	2.345220e+003
1.702253124948856e-008	1.815775e-002	2.337713e+003
1.731549999948856e-008	1.601581e-002	2.331089e+003
1.760846874948856e-008	1.412179e-002	2.325246e+003
1.790143749948856e-008	1.244806e-002	2.320095e+003
1.819440624948855e-008	1.096980e-002	2.315554e+003
1.848737499948855e-008	9.664838e-003	2.311552e+003
1.878034374948855e-008	8.513358e-003	2.308027e+003
1.907331249948854e-008	7.497700e-003	2.304922e+003
1.936628124948854e-008	6.602149e-003	2.302187e+003
1.965924999948854e-008	5.812739e-003	2.299779e+003
1.995221874948854e-008	5.117076e-003	2.297658e+003
2.024518749948853e-008	4.504172e-003	2.295792e+003
2.053815624948853e-008	3.964292e-003	2.294149e+003
2.083112499948853e-008	3.488824e-003	2.292703e+003
2.112409374948853e-008	3.070150e-003	2.291431e+003
2.141706249948852e-008	2.701538e-003	2.290311e+003
2.171003124948852e-008	2.377043e-003	2.289325e+003
2.200299999948852e-008	2.091417e-003	2.288458e+003
2.239362499948851e-008	1.763119e-003	2.287462e+003
2.278424999948851e-008	1.486254e-003	2.286622e+003
2.317487499948851e-008	1.252793e-003	2.285915e+003
2.356549999948850e-008	1.055952e-003	2.285318e+003
2.395612499948850e-008	8.900029e-004	2.284815e+003
2.434674999948849e-008	7.501077e-004	2.284391e+003
2.483503124948849e-008	6.057191e-004	2.283953e+003
2.532331249948849e-008	4.891059e-004	2.283600e+003
2.581159374948848e-008	3.949313e-004	2.283315e+003
2.639753124948847e-008	3.055275e-004	2.283044e+003
2.708112499948847e-008	2.264572e-004	2.282805e+003
2.776471874948846e-008	1.678456e-004	2.282628e+003
2.864362499948845e-008	1.141975e-004	2.282465e+003
2.971784374948844e-008	7.132192e-005	2.282335e+003
3.108503124948848e-008	3.917615e-005	2.282238e+003
3.294049999948852e-008	1.737316e-005	2.282172e+003
3.616315624948860e-008	4.231665e-006	2.282132e+003
5.003034374948894e-008	9.708261e-009	2.282119e+003
9.817487499949010e-008	6.071966e-018	1.000000e+308
9.993268749949014e-008	2.932806e-018	1.000000e+308
1.000000000000000e-007	2.864639e-018	1.000000e+308
Step Information: Vdd=1.5  (Run: 11/14)
0.000000000000000e+000	1.500000e+000	1.077657e+004
9.765624960978488e-016	1.500000e+000	1.077783e+004
1.953124992195698e-015	1.500000e+000	1.077825e+004
4.131906249488534e-009	9.363652e-001	7.018282e+003
6.085031249488532e-009	6.794201e-001	5.254266e+003
7.061593749488530e-009	5.548375e-001	4.423687e+003
7.647531249488531e-009	4.824773e-001	3.980031e+003
8.135812499488535e-009	4.245303e-001	3.665562e+003
8.624093749488539e-009	3.696852e-001	3.405249e+003
9.210031249488543e-009	3.090709e-001	3.150832e+003
9.698312499488547e-009	2.634911e-001	2.976487e+003
1.018659374948855e-008	2.226677e-001	2.830186e+003
1.057721874948855e-008	1.934674e-001	2.730533e+003
1.096784374948856e-008	1.672827e-001	2.644403e+003
1.135846874948856e-008	1.439976e-001	2.570215e+003
1.174909374948856e-008	1.234509e-001	2.506534e+003
1.204206249948856e-008	1.097223e-001	2.464878e+003
1.233503124948857e-008	9.733592e-002	2.427889e+003
1.262799999948857e-008	8.619839e-002	2.395099e+003
1.292096874948857e-008	7.621498e-002	2.366077e+003
1.321393749948857e-008	6.729161e-002	2.340426e+003
1.350690624948858e-008	5.933640e-002	2.317785e+003
1.379987499948858e-008	5.226096e-002	2.297825e+003
1.409284374948858e-008	4.598135e-002	2.280248e+003
1.438581249948858e-008	4.041868e-002	2.264785e+003
1.467878124948858e-008	3.549951e-002	2.251194e+003
1.497174999948858e-008	3.115605e-002	2.239256e+003
1.526471874948858e-008	2.732614e-002	2.228780e+003
1.555768749948858e-008	2.395314e-002	2.219592e+003
1.585065624948858e-008	2.098574e-002	2.211538e+003
1.614362499948857e-008	1.837763e-002	2.204482e+003
1.643659374948857e-008	1.608724e-002	2.198303e+003
1.672956249948857e-008	1.407736e-002	2.192893e+003
1.702253124948856e-008	1.231478e-002	2.188160e+003
1.731549999948856e-008	1.076997e-002	2.184019e+003
1.760846874948856e-008	9.416694e-003	2.180397e+003
1.790143749948856e-008	8.231742e-003	2.177231e+003
1.819440624948855e-008	7.194582e-003	2.174463e+003
1.848737499948855e-008	6.287088e-003	2.172043e+003
1.878034374948855e-008	5.493289e-003	2.169929e+003
1.907331249948854e-008	4.799122e-003	2.168082e+003
1.936628124948854e-008	4.192223e-003	2.166468e+003
1.965924999948854e-008	3.661727e-003	2.165059e+003
1.995221874948854e-008	3.198098e-003	2.163827e+003
2.024518749948853e-008	2.792969e-003	2.162752e+003
2.053815624948853e-008	2.439008e-003	2.161812e+003
2.083112499948853e-008	2.129788e-003	2.160992e+003
2.112409374948853e-008	1.859681e-003	2.160276e+003
2.141706249948852e-008	1.623762e-003	2.159651e+003
2.171003124948852e-008	1.417719e-003	2.159104e+003
2.210065624948852e-008	1.183022e-003	2.158482e+003
2.249128124948851e-008	9.871305e-004	2.157964e+003
2.288190624948851e-008	8.236429e-004	2.157531e+003
2.327253124948850e-008	6.872092e-004	2.157169e+003
2.366315624948850e-008	5.733594e-004	2.156868e+003
2.415143749948850e-008	4.571781e-004	2.156561e+003
2.463971874948849e-008	3.645284e-004	2.156315e+003
2.522565624948849e-008	2.777751e-004	2.156086e+003
2.581159374948848e-008	2.116627e-004	2.155911e+003
2.649518749948847e-008	1.541381e-004	2.155758e+003
2.727643749948847e-008	1.072728e-004	2.155635e+003
2.825299999948846e-008	6.818726e-005	2.155531e+003
2.952253124948844e-008	3.783295e-005	2.155451e+003
3.128034374948848e-008	1.673511e-005	2.155395e+003
3.430768749948855e-008	4.107083e-006	2.155361e+003
4.671003124948886e-008	1.300426e-008	2.155351e+003
9.817487499949010e-008	1.617197e-018	1.000000e+308
9.993268749949014e-008	1.603642e-018	1.000000e+308
1.000000000000000e-007	1.571399e-018	1.000000e+308
Step Information: Vdd=1.6  (Run: 12/14)
0.000000000000000e+000	1.600000e+000	1.025365e+004
9.765624960978488e-016	1.600000e+000	1.025485e+004
1.953124992195698e-015	1.600000e+000	1.025525e+004
3.936593749488534e-009	9.976439e-001	6.661686e+003
5.792062499488532e-009	7.235280e-001	4.980143e+003
6.670968749488531e-009	5.974137e-001	4.228366e+003
7.256906249488530e-009	5.159280e-001	3.781902e+003
7.745187499488532e-009	4.508066e-001	3.469946e+003
8.233468749488536e-009	3.894450e-001	3.216015e+003
8.721749999488539e-009	3.328185e-001	3.007872e+003
9.210031249488543e-009	2.815374e-001	2.835066e+003
9.600656249488546e-009	2.445651e-001	2.717909e+003
9.991281249488549e-009	2.112305e-001	2.616933e+003
1.038190624948855e-008	1.814685e-001	2.530186e+003
1.077253124948855e-008	1.551385e-001	2.455940e+003
1.106549999948856e-008	1.375251e-001	2.407516e+003
1.135846874948856e-008	1.216308e-001	2.364638e+003
1.165143749948856e-008	1.073463e-001	2.326748e+003
1.194440624948856e-008	9.455710e-002	2.293329e+003
1.223737499948857e-008	8.314607e-002	2.263903e+003
1.253034374948857e-008	7.299680e-002	2.238035e+003
1.282331249948857e-008	6.399552e-002	2.215330e+003
1.311628124948857e-008	5.603296e-002	2.195426e+003
1.340924999948857e-008	4.900555e-002	2.178000e+003
1.370221874948858e-008	4.281631e-002	2.162760e+003
1.399518749948858e-008	3.737534e-002	2.149444e+003
1.428815624948858e-008	3.260003e-002	2.137820e+003
1.458112499948858e-008	2.841503e-002	2.127682e+003
1.487409374948859e-008	2.475208e-002	2.118844e+003
1.516706249948858e-008	2.154969e-002	2.111145e+003
1.546003124948858e-008	1.875275e-002	2.104442e+003
1.575299999948858e-008	1.631207e-002	2.098609e+003
1.604596874948857e-008	1.418389e-002	2.093534e+003
1.633893749948857e-008	1.232947e-002	2.089122e+003
1.663190624948857e-008	1.071453e-002	2.085286e+003
1.692487499948857e-008	9.308871e-003	2.081953e+003
1.721784374948856e-008	8.085920e-003	2.079056e+003
1.751081249948856e-008	7.022348e-003	2.076541e+003
1.780378124948856e-008	6.097698e-003	2.074356e+003
1.809674999948855e-008	5.294064e-003	2.072458e+003
1.838971874948855e-008	4.595787e-003	2.070811e+003
1.868268749948855e-008	3.989193e-003	2.069381e+003
1.897565624948855e-008	3.462346e-003	2.068140e+003
1.926862499948854e-008	3.004841e-003	2.067063e+003
1.956159374948854e-008	2.607609e-003	2.066127e+003
1.985456249948854e-008	2.262755e-003	2.065316e+003
2.014753124948853e-008	1.963405e-003	2.064612e+003
2.044049999948853e-008	1.703581e-003	2.064001e+003
2.073346874948853e-008	1.478082e-003	2.063471e+003
2.102643749948853e-008	1.282388e-003	2.063011e+003
2.131940624948852e-008	1.112571e-003	2.062612e+003
2.171003124948852e-008	9.205657e-004	2.062161e+003
2.210065624948852e-008	7.616677e-004	2.061787e+003
2.249128124948851e-008	6.301771e-004	2.061478e+003
2.288190624948851e-008	5.213730e-004	2.061223e+003
2.337018749948850e-008	4.113798e-004	2.060965e+003
2.385846874948850e-008	3.245831e-004	2.060761e+003
2.434674999948849e-008	2.560943e-004	2.060600e+003
2.493268749948849e-008	1.926989e-004	2.060451e+003
2.561628124948848e-008	1.382809e-004	2.060324e+003
2.639753124948847e-008	9.463410e-005	2.060221e+003
2.737409374948847e-008	5.890407e-005	2.060137e+003
2.864362499948845e-008	3.180260e-005	2.060074e+003
3.049909374948846e-008	1.291885e-005	2.060029e+003
3.381940624948854e-008	2.576919e-006	2.060005e+003
7.463971874948953e-008	6.350848e-015	2.043334e+003
9.817487499949010e-008	1.050101e-018	1.000000e+308
9.993268749949014e-008	1.071272e-018	1.000000e+308
1.000000000000000e-007	1.121629e-018	1.000000e+308
Step Information: Vdd=1.7  (Run: 13/14)
0.000000000000000e+000	1.700000e+000	9.839940e+003
9.765624960978488e-016	1.700000e+000	9.841093e+003
1.953124992195698e-015	1.700000e+000	9.841476e+003
3.838937499488534e-009	1.049523e+000	6.327817e+003
5.596749999488532e-009	7.618212e-001	4.731753e+003
6.377999999488531e-009	6.374730e-001	4.062197e+003
6.866281249488531e-009	5.618500e-001	3.684874e+003
7.354562499488530e-009	4.890243e-001	3.364995e+003
7.842843749488533e-009	4.204187e-001	3.107926e+003
8.331124999488537e-009	3.572558e-001	2.899746e+003
8.819406249488540e-009	3.002801e-001	2.728264e+003
9.210031249488543e-009	2.593913e-001	2.612706e+003
9.600656249488546e-009	2.227035e-001	2.513645e+003
9.991281249488549e-009	1.901260e-001	2.429026e+003
1.028424999948855e-008	1.682839e-001	2.373940e+003
1.057721874948855e-008	1.485506e-001	2.325255e+003
1.087018749948856e-008	1.308066e-001	2.282324e+003
1.116315624948856e-008	1.149213e-001	2.244549e+003
1.145612499948856e-008	1.007574e-001	2.211377e+003
1.174909374948856e-008	8.817478e-002	2.182303e+003
1.204206249948856e-008	7.703438e-002	2.156864e+003
1.233503124948857e-008	6.720069e-002	2.134641e+003
1.262799999948857e-008	5.854403e-002	2.115256e+003
1.292096874948857e-008	5.094203e-002	2.098368e+003
1.321393749948857e-008	4.428064e-002	2.083671e+003
1.350690624948858e-008	3.845470e-002	2.070896e+003
1.379987499948858e-008	3.336807e-002	2.059800e+003
1.409284374948858e-008	2.893359e-002	2.050172e+003
1.438581249948858e-008	2.507273e-002	2.041823e+003
1.467878124948858e-008	2.171517e-002	2.034587e+003
1.497174999948858e-008	1.879825e-002	2.028319e+003
1.526471874948858e-008	1.626638e-002	2.022894e+003
1.555768749948858e-008	1.407042e-002	2.018198e+003
1.585065624948858e-008	1.216709e-002	2.014136e+003
1.614362499948857e-008	1.051835e-002	2.010624e+003
1.643659374948857e-008	9.090867e-003	2.007587e+003
1.672956249948857e-008	7.855499e-003	2.004962e+003
1.702253124948856e-008	6.786798e-003	2.002694e+003
1.731549999948856e-008	5.862583e-003	2.000735e+003
1.760846874948856e-008	5.063550e-003	1.999042e+003
1.790143749948856e-008	4.372914e-003	1.997580e+003
1.819440624948855e-008	3.776099e-003	1.996317e+003
1.848737499948855e-008	3.260456e-003	1.995227e+003
1.878034374948855e-008	2.815015e-003	1.994285e+003
1.907331249948854e-008	2.430273e-003	1.993472e+003
1.936628124948854e-008	2.097999e-003	1.992770e+003
1.965924999948854e-008	1.811067e-003	1.992165e+003
1.995221874948854e-008	1.563312e-003	1.991641e+003
2.024518749948853e-008	1.349401e-003	1.991190e+003
2.053815624948853e-008	1.164724e-003	1.990801e+003
2.083112499948853e-008	1.005295e-003	1.990464e+003
2.112409374948853e-008	8.676684e-004	1.990174e+003
2.151471874948852e-008	7.129968e-004	1.989847e+003
2.190534374948852e-008	5.858800e-004	1.989580e+003
2.229596874948851e-008	4.814146e-004	1.989359e+003
2.268659374948851e-008	3.955681e-004	1.989178e+003
2.317487499948851e-008	3.094490e-004	1.988997e+003
2.366315624948850e-008	2.420740e-004	1.988854e+003
2.424909374948850e-008	1.802895e-004	1.988724e+003
2.493268749948849e-008	1.278362e-004	1.988614e+003
2.571393749948848e-008	8.629746e-005	1.988526e+003
2.669049999948847e-008	5.280434e-005	1.988456e+003
2.796003124948846e-008	2.788265e-005	1.988403e+003
2.981549999948845e-008	1.096449e-005	1.988368e+003
3.342878124948853e-008	1.780822e-006	1.988348e+003
9.817487499949010e-008	1.614192e-019	1.000000e+308
9.993268749949014e-008	1.468209e-019	1.000000e+308
1.000000000000000e-007	1.120979e-019	1.000000e+308
Step Information: Vdd=1.8  (Run: 14/14)
0.000000000000000e+000	1.800000e+000	9.508067e+003
9.765624960978488e-016	1.800000e+000	9.509181e+003
1.953124992195698e-015	1.800000e+000	9.509551e+003
3.741281249488534e-009	1.105182e+000	6.077948e+003
5.401437499488532e-009	8.071356e-001	4.567389e+003
6.182687499488531e-009	6.706973e-001	3.897732e+003
6.670968749488531e-009	5.878615e-001	3.524819e+003
7.061593749488530e-009	5.239354e-001	3.271550e+003
7.549874999488531e-009	4.484055e-001	3.014815e+003
8.038156249488534e-009	3.790782e-001	2.808875e+003
8.428781249488537e-009	3.286736e-001	2.671387e+003
8.819406249488540e-009	2.829970e-001	2.553784e+003
9.210031249488543e-009	2.420883e-001	2.453350e+003
9.502999999488545e-009	2.144828e-001	2.387958e+003
9.795968749488547e-009	1.894259e-001	2.330158e+003
1.008893749948855e-008	1.668069e-001	2.279194e+003
1.038190624948855e-008	1.464931e-001	2.234367e+003
1.067487499948855e-008	1.283364e-001	2.195028e+003
1.096784374948856e-008	1.121784e-001	2.160582e+003
1.126081249948856e-008	9.785669e-002	2.130482e+003
1.155378124948856e-008	8.520848e-002	2.104229e+003
1.184674999948856e-008	7.407477e-002	2.081370e+003
1.213971874948857e-008	6.430297e-002	2.061498e+003
1.243268749948857e-008	5.574894e-002	2.044246e+003
1.272565624948857e-008	4.827833e-002	2.029288e+003
1.301862499948857e-008	4.176737e-002	2.016333e+003
1.331159374948857e-008	3.610308e-002	2.005125e+003
1.360456249948858e-008	3.118321e-002	1.995435e+003
1.389753124948858e-008	2.691592e-002	1.987064e+003
1.419049999948858e-008	2.321915e-002	1.979839e+003
1.448346874948858e-008	2.002006e-002	1.973605e+003
1.477643749948858e-008	1.725420e-002	1.968229e+003
1.506940624948858e-008	1.486483e-002	1.963597e+003
1.536237499948858e-008	1.280215e-002	1.959605e+003
1.565534374948858e-008	1.102257e-002	1.956167e+003
1.594831249948857e-008	9.488039e-003	1.953207e+003
1.624128124948857e-008	8.165415e-003	1.950658e+003
1.653424999948857e-008	7.025882e-003	1.948465e+003
1.682721874948857e-008	6.044426e-003	1.946578e+003
1.712018749948856e-008	5.199367e-003	1.944954e+003
1.741315624948856e-008	4.471930e-003	1.943558e+003
1.770612499948856e-008	3.845881e-003	1.942356e+003
1.799909374948856e-008	3.307189e-003	1.941323e+003
1.829206249948855e-008	2.843739e-003	1.940435e+003
1.858503124948855e-008	2.445078e-003	1.939671e+003
1.887799999948855e-008	2.102188e-003	1.939014e+003
1.917096874948854e-008	1.807297e-003	1.938449e+003
1.946393749948854e-008	1.553710e-003	1.937964e+003
1.975690624948854e-008	1.335658e-003	1.937547e+003
2.004987499948854e-008	1.148172e-003	1.937188e+003
2.034284374948853e-008	9.869788e-004	1.936879e+003
2.063581249948853e-008	8.483962e-004	1.936614e+003
2.092878124948853e-008	7.292582e-004	1.936386e+003
2.131940624948852e-008	5.960011e-004	1.936131e+003
2.171003124948852e-008	4.870823e-004	1.935923e+003
2.210065624948852e-008	3.980605e-004	1.935753e+003
2.258893749948851e-008	3.092950e-004	1.935583e+003
2.307721874948851e-008	2.403190e-004	1.935451e+003
2.366315624948850e-008	1.775325e-004	1.935331e+003
2.434674999948849e-008	1.246925e-004	1.935230e+003
2.512799999948849e-008	8.326744e-005	1.935151e+003
2.610456249948848e-008	5.026442e-005	1.935088e+003
2.737409374948847e-008	2.607796e-005	1.935041e+003
2.922956249948845e-008	9.994152e-006	1.935010e+003
3.284284374948852e-008	1.543843e-006	1.934994e+003
9.817487499949010e-008	7.259063e-019	1.000000e+308
9.993268749949014e-008	7.100333e-019	1.000000e+308
1.000000000000000e-007	6.722784e-019	1.000000e+308
